0 0.30649038461538464 0.1045673076923077 0.4387019230769231 0.06610576923076923
0 0.7403846153846154 0.19591346153846154 0.46274038461538464 0.07211538461538461
0 0.28125 0.2620192307692308 0.29927884615384615 0.12620192307692307
0 0.7403846153846154 0.2932692307692308 0.4579326923076923 0.07211538461538461
0 0.7524038461538461 0.3942307692307692 0.4579326923076923 0.0625
0 0.27403846153846156 0.4014423076923077 0.4411057692307692 0.06129807692307692
0 0.7463942307692307 0.4987980769230769 0.4519230769230769 0.0673076923076923
0 0.2704326923076923 0.5048076923076923 0.46634615384615385 0.0733173076923077
0 0.26322115384615385 0.6105769230769231 0.4579326923076923 0.06850961538461539
0 0.7463942307692307 0.6117788461538461 0.44711538461538464 0.05889423076923077
0 0.24879807692307693 0.7271634615384616 0.44711538461538464 0.0673076923076923
0 0.7524038461538461 0.0733173076923077 0.25240384615384615 0.11538461538461539
0 0.609375 0.7451923076923077 0.22716346153846154 0.1045673076923077
0 0.8581730769230769 0.7475961538461539 0.22956730769230768 0.109375
0 0.24278846153846154 0.8305288461538461 0.47115384615384615 0.06610576923076923
0 0.24639423076923078 0.9266826923076923 0.4519230769230769 0.0673076923076923
0 0.7439903846153846 0.9278846153846154 0.4579326923076923 0.07211538461538461